1, 1, 4
5, 2, 11
6, 0, 2
7, 2, 15
7, 2, 8
8, 0, 3
8, 0, 1
10, 0, 3
12, 0, 2
16, 0, 2
20, 1, 5
20, 2, 8
20, 0, 1
21, 0, 2
23, 0, 2
26, 2, 18
27, 0, 1
29, 1, 6
30, 1, 5
31, 0, 3
31, 1, 5
37, 0, 2
41, 0, 3
43, 1, 4
46, 1, 4
47, 0, 2
50, 2, 9
51, 1, 6
55, 0, 1
59, 0, 2
63, 0, 2
66, 0, 2
68, 1, 5
71, 0, 1
75, 0, 1
76, 1, 5
77, 1, 5
79, 0, 1
81, 0, 2
83, 0, 3
88, 1, 5
89, 1, 4
90, 1, 5
91, 0, 3
93, 0, 3
98, 1, 6
101, 2, 15
103, 0, 1
105, 1, 6
108, 0, 1
109, 1, 4
111, 0, 2
119, 0, 1
121, 0, 2
122, 1, 4
122, 1, 6
124, 0, 1
129, 1, 6
132, 1, 4
134, 0, 1
137, 0, 1
139, 2, 26
146, 0, 1
149, 1, 6
153, 1, 5
154, 0, 1
155, 1, 4
157, 0, 3
159, 2, 10
160, 1, 4
163, 0, 2
165, 0, 2
166, 1, 6
174, 0, 2
174, 2, 12
177, 0, 1
179, 0, 2
181, 2, 9
186, 0, 3
189, 1, 5
190, 0, 1
191, 0, 1
194, 2, 8
194, 0, 3
195, 1, 4
196, 0, 3
196, 2, 8
199, 0, 1
202, 0, 3
206, 2, 8
211, 0, 2
212, 2, 13
213, 0, 3
214, 0, 3
214, 1, 6
216, 0, 2
222, 2, 16
228, 0, 1
230, 1, 5
234, 0, 1
