0, 0, 4
2, 0, 4
4, 0, 8
9, 0, 1
11, 0, 2
12, 0, 3
13, 0, 7
14, 0, 1
14, 0, 1
17, 0, 3
18, 0, 4
18, 0, 1
22, 0, 1
24, 0, 6
27, 0, 6
28, 0, 9
30, 0, 1
32, 0, 4
36, 0, 1
41, 0, 4
43, 0, 6
46, 0, 1
51, 0, 2
52, 0, 2
52, 0, 5
53, 0, 6
54, 0, 3
58, 0, 4
60, 0, 6
63, 0, 2
65, 0, 1
65, 0, 3
67, 0, 2
69, 0, 3
72, 0, 1
72, 0, 7
78, 0, 4
80, 0, 1
81, 0, 1
84, 0, 8
84, 0, 1
88, 0, 3
89, 0, 2
90, 0, 1
93, 0, 3
97, 0, 5
100, 0, 1
101, 0, 2
102, 0, 1
106, 0, 7
106, 0, 1
108, 0, 2
110, 0, 3
110, 0, 5
114, 0, 5
116, 0, 30
118, 0, 1
122, 0, 4
122, 0, 2
123, 0, 5
123, 0, 4
127, 0, 4
132, 0, 5
137, 0, 1
140, 0, 4
140, 0, 3
143, 0, 3
144, 0, 11
147, 0, 4
151, 0, 3
151, 0, 25
153, 0, 9
154, 0, 1
158, 0, 1
160, 0, 1
160, 0, 4
160, 0, 1
165, 0, 1
166, 0, 1
169, 0, 7
171, 0, 1
171, 0, 1
172, 0, 1
172, 0, 2
173, 0, 1
174, 0, 1
174, 0, 6
177, 0, 6
180, 0, 6
182, 0, 3
183, 0, 4
184, 0, 6
185, 0, 1
187, 0, 8
188, 0, 8
189, 0, 3
189, 0, 2
190, 0, 4
194, 0, 3
195, 0, 6
